1.jpg:
    fragments = [
        [100, 228, 300, 428],
        [300, 428, 350, 478],
        [128, 256, 228, 356],
        [328, 456, 128, 256],
    ]

2.jpg:
    fragments = [
        [0, 128, 0, 128],
        [120, 248, 280, 408],
        [150, 278, 330, 458],
    ]

3.jpg:
    fragments = [
        [0, 128, 0, 128],
        [120, 248, 280, 408],
        [220, 348, 350, 478],
    ]

4.jpg:
    fragments = [
        [0, 128, 0, 128],
        [286, 414, 256, 384],
        [400, 528, 350, 478],
        [500, 628, 400, 528]
    ]
